1 0.389353 0.295143 0.164927 0.197889
1 0.846555 0.247762 0.135699 0.170017
1 0.699374 0.192018 0.150313 0.209037
1 0.835073 0.664443 0.162839 0.256419
1 0.511482 0.782897 0.187891 0.203463
1 0.398747 0.557137 0.133612 0.242483
1 0.127349 0.391301 0.158664 0.222973
1 0.108559 0.179476 0.158664 0.211824
1 0.641962 0.605912 0.185804 0.245270
1 0.155532 0.709037 0.189979 0.261993
1 0.266180 0.879603 0.181628 0.240794
1 0.257829 0.494426 0.177453 0.256419
1 0.492693 0.183657 0.175365 0.181166
1 0.704593 0.441470 0.189979 0.178378
1 0.863257 0.434502 0.206681 0.220186
1 0.900835 0.900507 0.148225 0.198986
1 0.622129 0.915836 0.171190 0.168327
1 0.537578 0.484671 0.144050 0.209037
1 0.925887 0.102280 0.148225 0.204560