1 0.395616 0.217410 0.223382 0.324559
1 0.529228 0.547565 0.219207 0.419689
1 0.739040 0.445440 0.250522 0.433678
1 0.163883 0.835337 0.277662 0.329326
1 0.436326 0.831554 0.267223 0.321761
1 0.171190 0.430052 0.229645 0.307772
1 0.232777 0.135285 0.210856 0.270570
1 0.615866 0.075130 0.288100 0.150259
1 0.707724 0.183834 0.158664 0.195855
1 0.567850 0.294352 0.179541 0.153886
1 0.911273 0.789171 0.173278 0.421658
1 0.758873 0.849326 0.169102 0.301347
1 0.608559 0.776995 0.156576 0.290984
1 0.933194 0.430052 0.133612 0.363730
1 0.865344 0.192228 0.169102 0.173471