1 0.702505 0.470772 0.189979 0.350731
1 0.334029 0.314196 0.171190 0.354906
1 0.508351 0.385177 0.144050 0.296451
1 0.575157 0.537578 0.081420 0.175365
1 0.417537 0.625261 0.141962 0.175365
1 0.230689 0.579332 0.098121 0.125261
1 0.288100 0.708768 0.133612 0.242171
1 0.351775 0.783925 0.102296 0.208768
1 0.430063 0.898225 0.108559 0.203549
1 0.312109 0.946242 0.123173 0.107516
1 0.171190 0.710856 0.100209 0.187891
1 0.129436 0.472860 0.141962 0.179541
1 0.892484 0.712944 0.169102 0.350731
1 0.496868 0.765136 0.096033 0.179541
1 0.728601 0.207724 0.133612 0.141962
1 0.827766 0.213987 0.114823 0.154489
1 0.564718 0.143006 0.089770 0.146138
1 0.219207 0.097077 0.050104 0.070981
1 0.983299 0.201461 0.033402 0.104384
1 0.637787 0.731733 0.098121 0.087683
1 0.767223 0.911273 0.152401 0.171190
1 0.471816 0.153445 0.104384 0.200418
1 0.777662 0.063674 0.085595 0.070981
1 0.660752 0.072025 0.156576 0.087683
1 0.875783 0.092902 0.056367 0.171190
1 0.917537 0.082463 0.068894 0.158664
1 0.258873 0.041232 0.079332 0.082463